20 5
219 96
5 20
259 116
20 5
239 96
5 20
259 96
20 5
219 136
5 20
259 146
5 20
259 166
20 5
219 176
20 5
239 176
5 20
259 206
20 5
219 266
20 5
239 266
5 20
259 246
20 5
159 96
5 20
119 106
5 20
109 136
5 20
109 156
5 20
109 176
5 20
109 206
20 5
109 176
20 5
169 176
20 5
139 136
20 5
159 136
20 5
159 266
20 5
519 386
20 5
119 266
20 5
99 266
5 20
109 246
20 5
79 266
20 5
59 266
5 20
79 266
20 5
79 386
5 20
79 276
5 20
79 306
5 20
79 336
5 20
79 366
20 5
99 386
20 5
159 386
5 20
19 266
5 20
19 286
5 20
19 306
5 20
19 326
5 20
19 356
5 20
19 376
5 20
19 396
20 5
19 416
20 5
39 416
20 5
99 416
20 5
119 416
20 5
139 416
20 5
219 386
20 5
279 386
20 5
339 386
20 5
399 386
20 5
199 416
20 5
259 416
20 5
319 416
20 5
379 416
5 20
429 426
20 5
429 446
20 5
489 446
20 5
419 386
20 5
439 386
20 5
459 386
20 5
439 416
20 5
459 416
20 5
479 416
20 5
539 416
20 5
559 416
20 5
579 416
20 5
549 446
20 5
569 446
20 5
589 446
5 20
609 426
20 5
571 391
20 5
631 391
20 5
631 421
5 20
681 431
20 5
691 391
5 20
681 461
5 20
681 491
5 20
681 521
20 5
701 541
20 5
761 541
20 5
821 541
5 20
841 521
5 20
841 491
20 5
821 391
5 20
841 391
5 20
841 421
5 20
841 471
5 20
841 451
20 5
761 391
20 5
741 391
20 5
721 391
20 5
711 391
