45
118 92
46
178 92
48
180 128
49
240 138
39
180 168
40
240 188
41
240 228
42
180 258
36
100 228
37
100 198
38
130 168
47
100 128
35
19 256
2
69 296
3
69 326
4
69 356
5
119 386
6
179 386
34
19 316
33
19 346
32
59 416
31
159 416
7
239 386
8
299 386
9
359 386
30
219 416
29
279 416
28
339 416
44
399 416
27
449 446
10
479 386
1
79 266
11
539 386
26
509 446
43
499 416
25
599 416
12
591 391
24
651 421
23
651 451
13
651 391
14
781 391
22
651 481
21
651 511
20
661 531
19
721 531
18
781 531
17
821 511
15
821 411
16
821 441
