Step 1
86,1588135 ; -37,0812798 ; 40,8305588 ; -14,9158297 ; 60,8353 ; -13,3608398
51,6890392119531 ; -518,208478058208 ; 439,182493402162 ; 154,592650839299 ; 14,6635401757569 ; -72,8033306013432

Step 2
86,2103577 ; -19,21 ; 36,6792717 ; 3,17125 ; 73,0806885 ; 74,5149765
30,3317363051933 ; -517,976075020923 ; 296,683500391016 ; -179,676355179446 ; -3,06194471104015 ; -169,233660358234

Step 3
90,7286682 ; -46,4468307 ; 97,3013916 ; 4,82017 ; 39,5297394 ; 76,2420425
-8,8233654501398 ; -378,339997176195 ; 269,523299670494 ; -179,676316577937 ; -3,06191188602545 ; -169,233665458623

Step 4
91,0524216 ; -39,7732506 ; 96,6652222 ; 5,56352 ; 33,4997902 ; 75,6437836
-10,9599626792098 ; -378,114274492214 ; 229,580928822479 ; -179,676292733809 ; -3,06190866823635 ; -169,233661537813

Step 5
95,2681 ; -40,5313606 ; 97,8332672 ; 5,67952 ; 32,8674 ; 79,7343369
-38,4279229472168 ; -372,892199646435 ; 231,079715289517 ; -179,67631665251 ; -3,06191906263405 ; -169,233678402163

Step 6
98,3189468 ; -40,9041214 ; 98,2831421 ; 5,71272 ; 32,6272392 ; 82,7487335
-58,0476208487717 ; -369,162110822179 ; 232,150280997921 ; -179,67630027391 ; -3,06192606218735 ; -169,233692837291

Step 7
95,2681 ; -40,5313606 ; 97,8332672 ; 5,67952 ; 32,8674 ; 79,7343369
-38,4279229472168 ; -372,892199646435 ; 231,079715289517 ; -179,67631665251 ; -3,06191906263405 ; -169,233678402163

Step 8
91,0524216 ; -39,7732506 ; 96,6652222 ; 5,56352 ; 33,4997902 ; 75,6437836
-10,9599626792098 ; -378,114274492214 ; 229,580928822479 ; -179,676292733809 ; -3,06190866823635 ; -169,233661537813

Step 9
90,7286682 ; -46,4468307 ; 97,3013916 ; 4,82017 ; 39,5297394 ; 76,2420425
-8,8233654501398 ; -378,339997176195 ; 269,523299670494 ; -179,676316577937 ; -3,06191188602545 ; -169,233665458623

Step 10
82,1374588 ; -27,15938 ; 50,1795387 ; 3,22946 ; 67,7517166 ; 70,1366272
64,1801906376673 ; -493,339996775522 ; 305,522806395962 ; -179,676237639701 ; -3,0619045976045 ; -169,233670807746

Step 11 - direkt über Box
83,9672318 ; -24,6926193 ; 45,7376 ; 3,21201 ; 69,6284485 ; 72,0735
49,1799812055658 ; -502,84006247672 ; 304,023055007199 ; -179,676278898438 ; -3,06191734433725 ; -169,233694356299

Step 11.5 - direkt direkt über Box
83,9672318 ; -20,2162399 ; 46,4364395 ; 3,33733 ; 64,4616394 ; 71,7525406
49,1799604487459 ; -502,840142032485 ; 263,023250049317 ; -179,676307551337 ; -3,06193662752799 ; -169,233682725306

Step 12 - an der Kiste
84,9045715 ; -12,1796703 ; 44,1694412 ; 2,34639 ; 57,5374107 ; 72,9159317
42,3515277255693 ; -504,137918021011 ; 204,125038839103 ; 179,331492447102 ; -1,92783706827465 ; -169,273986533133

Zwischenstep - Greifer zu

Step 13 - die Kiste mithochnehmen
84,9045715 ; -30,2661896 ; 35,9762 ; 1,99121 ; 83,7992096 ; 73,9606934
42,3515554474579 ; -504,137746030798 ; 395,124670134357 ; 179,33158455923 ; -1,92781236788627 ; -169,273987105558

Step 14 - zum Weasel
19,2154198 ; -11,4843302 ; 19,7968807 ; -1,73427 ; 83,0770569 ; 85,7248306
504,179815566854 ; -173,339945833606 ; 304,022699979228 ; -177,917841047264 ; -0,741988346141758 ; 113,734007882195

Step 15 - 


